uerborum 5115551155151. 279

gustare (15555116515155515199, 15. ¹
16; 100, 11, inde g, 100, 10
151513111653, 16. s 19, 157,6, guttura

Habere caritatem 91, 27, 92, 4. 8.
20, uolumen 5515111111 28, 15, 29,
16 ; partium 5551115155 6, 9, pes·
5515111 56, 9, 168,17, sermonem

163 55155125, 18 - 1155551 51

55511155,55555111551557,9, 141,
l. 4, 156, 7. 9, 555 551 quod 77,
9, 95, 22, 113, 21, 116, 1. 6515,
555 51 115 55551161,11- 515
565515, 45, 1, 78, 22, 93, 7, 116,
11, 129, 12, 51.15555,515(155,155
ad 199, 10, uota 50, 2, 5555551· hinc 88, 16. 19. 20, 5155 —- iude
151515 125, 9, assensum 144, 16, 86, 5, 94,4, hino-quod 171, 10
strepitus 555111 28, 9, fructum hodie 4, 3, 11, 7, 37, 11, 65, 6,

44,5,511.61,14,72,1,111,14, “
135, 18. 19, 150, 2, 162, 29 ·

167, 27, litteras in 1551515522, 104, 3. 8, 10914, 12917, 135, Ι

5, dulcedinem in se habens 101, 21 , 154, 2, 164, 9
5 possim - odio hebere 4, 21, hodiernus: post hodiernum 131, 22
ι 5, 4, 106, 18, 15 1115155115 54, homicida 16, 2, 17, 10, 64,13, 86,
8;15515515115(55555155551)119,13, 8, 160, 6, 179, 3
62, 20, 15 potestate 80, 9 - 5. Α homicidium uiuum 58,14, cfr. 64,
partiam. angelum 555515 clausurn 8, 86, 11, 180, 17
42, 20 , = aestimare: pro 59, 12, homosaepissimszfidelie 97, 11, 110,
122‚3;178,2;habesergo(=scce) 18, 194, 11, 15151151 162, 29,
qui 1115115117, 7, 5555115 1555 seeundumhominem (1.1. naturam
87,10, maleh.=aegrotare 137, humanam) 9, 5, 147, 12, 5511·
23, 515 55 515555 5. (ι-555155155) 51155115 55, 15, 98, 15, 15511555
76, 9; uon 55555, quod possis 18, 19, 64, 12, oppos. deus 128,
11, 8, sss. 27, 8, 57, 9, 96, 20. 817, oppos. pecus 146, 21, ho·
21, 132, 17. 19, 133, 5, 51 155 15151151 genus 9, 22, 81. 22, - 8,
55 555551 114, 20 16, 9410, 46, 7, 54, 22, 61, 6,
habitaculum deserere 111, 1 76, 7. 20, 82, 17 , 139, 8, 181,9
55511515 51151150, 17,.1578, 14, 79, 5555154, 23, = dignitas 61,6 ¹
10; 128, 15, 154, 11, 15155 88, (cfr. 555155), 69, 13, 5151155 61,
10, 15 555 (5555151589, 14, , 5555151565, 1. 2, ss. expoliare,
106,10; cfr. 110‚15.18; 149, funus, mortificare
19· 22 horsea publica 83, 20, condere 15

5551155 pristinus 152, 4
haeresia 92, 4, 45, 16 ’
haeretiei 5. indicem II

horreo 170. 5

5511515 aliquid 100, 14
hortamenta ut 68, 11. 14

haustibus 515515 143, 15, 5511515 5511511 aliquem 35, 2, 69, 9, ad

153, 20
hebetudo manifesta 155, 6

62,Ι 23, 81, 14, hortatur 615555
5, 2, 5511515151115 (omisso 51)

1151555513, 2, 40,17; efr. 31, 4Ι 94, 14
551511151155-5-55118, 2, 164, 5, 55115155 14, 20

uidisti 54, 15, 51, 5; ss, 5
155 uouit 151, 55

hortus (55, dei) 12. 5. 8, 14, 18 ,

46, 23. 24, 47, 5, 48, l

hospes 39, 2

hiatu suido (151151 absorbuit 24, 16 hospitio suscepti 20, 19, 5155 5.

515 saepissime: 5555 tempora 124,

39, 2

6, 515 - qui 4, 17; 16, 9, 29, 21, hostiles iugulos 63, 2, 55511115155515

38, 12, 46, 15, 611112, 84, ,7,

53, 2

101115, 128, 6, 131,,15, 159, 22, 555115 63, 6, 105, 3, 161, 24, 162,

160, 12, 175, 14, quiequid -hoe

25, los, 2, 165, 9

160, 9, 51 (1111Ρ1 16,16, 95, 4, 5155155121, 5
555 5551551155 27, 5, horum 108, huiusmodi (i. q. 15155) 19, 19, 81,

 

