280 111. Index

22; 82, 17; 87,10, 105,1, 111, ’ 1111191111), 19, 3, 51, 5, 60, 7,
1, 138, 7, 140, 22, 151, 12, 103, 22
160, 9 ι 1111189, 4, 8, 95, 7, 112, 16, 18,
1111111111111111111136, 16 Ι 125, 10, 130, 20, 160, 9, 181,
1111111111 69, 14, 72, 6, 76, 19, 77, 1 26, praecedente quud uel quia
18; 102, 8, 104,16; 122, 7, 133, 8, 17; 11, 9, 2111, ideo quia 7,
10; 134, 4, 154, 19, 160, 27 11; 64, 6, 9616, 16915, ideo
11111111111111111157, 1, sapientia ι quod 62, 16, 81, 5, ideo 11
humiliamur? ¹ 121, 14; 1111111 161, 10, ideoque
humilis 57, 6; 111111 82, 9, 1442 46, 10, i. 1146, 8, 65, 11; ne
humilitas 57, 8. 10; 124, 9, 136, . . . ideo 3, 9, ideo 11165, 7:
24; humilitatis responsa 6, 15 ¹ 172, 8. 9
humore oblitterata 166. 32 , id 111 u. is
1 idolum 115, 10. 13. 15, idola 50,
1111111111111623.5,11111111111111 ι 13,51, 4, 119, 19, 91, 5. 7, 115,
18. 6, absolute 62, 2 , 5. 8. 11 , 116, 5, 146, 9. 11. 20
iactare aliquid 31. 7, 52, 2, 54, 4, idoneus ad 55, 7, crimen 147, 4
119, 8,11111111111146, 15, (= Iduum Maiarum 16, 12
gloriari) 82, 6 ieeur piscis 69, 4
1111111111 uitae facere 120, 6 ieiunium parui temporis 23, 19
iarn 10, 22, 36, 17; 42, 7, 51, 17, igitur saepissime: primo 1111 3, 11,
89, 19, 107, 24; 132, ll. 15; 24,9; 35, 20, 42, 518, 60, 18;
168, 2, 175, 10; 180, 2031m'm0 1 104, 9, 147, 6, 168, 5, 174, 23,
1111 73, 5, 83, 17, 96, 24, , 1111111111. 5,6,20, 14, 31, 5. 8,
104,15; 118, 7, 133, 12, 142, 3, 68, 17, 91, 18; 92, 7, 108, 19,
155,13.2u;156,8ees.10.11; 1 120, 20, 134, 17, 143, 7, 151,
178. 16 saepius, seeundo loeo 1 1218,166,20,176,9,1111117.
passim uelut 15, 7, 43, 8, 44, 21, 6, 3, 38, 21; 109, 17, 114. 1,
75,3, 78, 3. 22, 137, 8, 149, 2, 120, 7
163, 10; 1111111155. 2, 76, 14, ignamm rerum 25, 18, 177, 12
77, 16, 131, 22, 145, 20, 162, ignibus gehennae 12, 16, inponere
28 librum 162,9
iamdudum (= 111111) 14, 6. 11; 20, 111111111136, 10, par7, 16, 163, 19
10, 30, 11,48, 7,51, 16, 61, 21; ignorare 12, 16; 13, 18, 15, 13,
78, 10; 80, 11, 94, 18, 112, 9, 153, 1, fllium 1111 130,17, igno-
127, 13; 138, 23, 144, 2. 11, 152, 1111 90, 22, 181, 12, ignorantes
5. 6; 163, 9; 177, 13 saepius 36,12; 108,7;138,19;-igu0·
iam pridem 3,4 ' 1 111111 ee. aduerbe'a (cfr. 11611111,
ianitores 140, 4 zuen. s. 1111111. 1884, 403)
ianua conlocata 95, 8; cfr. 95, 18 ignoscere eliquir167,6;ignosci 11111
ibi 9, 22, 10, 15, 38, 4. 21, 122, 36, 12, manee 57, 5, 160, 11
14511. 17, 145, 6, 1111-1111 91, ignotus 11111111111 54, 3, 11111..
24; 144, l. 2, 156, 1, ubi-ibi 1111111112, pigmenta 134,14
33, 1, 121, 6. 7, ibi -— uude 1111124, 12
163, 11 1111 saepissime: 4, 3, 5, 9, 22, 21,
1111 uno adulteros percussit 89, 6 51,14; 139, 1619, 156,11; 159,
ideireo 80, 9 16 bie. 19, 1611532, 17817,
idemsaepa'ssime3=is148,17;e0‹1em = 1145, 20; 47, 5, 92, 8, 97,
1111116, 7, 178, 10; 1111111128, 20; 102, 9, 185, 5, 164, 18, 169,
1, 147, 3, hoc eodem tempora 1115, Ι78,16,1111111119, 14,
50, 13, idem nom. plur. 54, 1, (3111111) 53, 11, 70, 9, 71, 1. 7.
iidem 17, 9 (sed cfr. adnot.); 13; 13913, 140, 7, 151, 17;
isdem 1111. uel abl. 15, 11 (u. stabularius 1111 Ρ11111149,17,

 

