,306 1111111151 Ι

6313, 76, 15, 89, 24 , 93, 7, 100, planiam 5555111551115596, 22, =
1. 4, 123, 5, 138, 12, 151, 18, 515515175, 14, p. 1155 (= tum,
165, 11. 15 55551111, oppos. epi· praeterea) 53, 11, 120, 11, p.
scopus57,19; oppos. una domos qnod 104, 21, 105, 9, 155, 26,

13 , 4 171, 7, = postea 119, 23, paulo
porrectio manus 99, 7 p. 16, 9, 115 p. deos ο 23, 13,
551155 71,8.14,555155155 71, 9. 11 15. adtendere, interrogare
porterefuncradignitatis61,7; ramos postea 65, 1, 76, 19, 80, 12, 83, 5,

515120, 19, personas 181, 4, cfr. 98, 22, 100, 1, 120, 9. 14, 124,

19. 11, 91, 1, 142, 7, 148, 17, 6, 127, 13, 139, 20,145, 19, 149,
’ 149, 1 (505),- 156, 19. 22 13;161,5. 12.27,163,4-5ο5155
5511515155 sanguinis Chr. (5511555) qnam c. perf. 178, 3, 177, 21

146, 2 postquam 5. perfect. 29. 5, 161, 14,
portus 44, 9, innocentiae 121, 20 174, 3, 179, 21, c. praes. 166, 12
55555 5155555355 saepissime 5511515 5511151115 140, 1

sentire potnit :sensit 6, 4; ni· postulare 7, 6. 20, 17, 22, 68, 5,

deri poterit = uidebitur 53, 1, 88,14; 166, 27, = precari 138,

esc. 13, 9, 24, 7, 31,9, 40, 9. 24, 142, 8;168, 183=in ius

11 ; 54, 7. 8. 12, 61, 17, 81, 9, 1155515 19, 6, contractiorem (=

94, 20. 23, 110, 10, 127,5, 147, criminari) 78, 13, 152, 20, ut

7, 155, 22: 162. 22, 174, 19. 152,9

25 , 181, 13 ; = 1151515 92,11;174, 551515 (trinken) alios 44, 13

19. 21, conuicia quanta potnit potens est suscitare 62, 9

(11111 80, 4, 51 51551 (55155115) 5515515562, 51513, 179, 4, c.

42, 21, 59, 18, gb, 10, 96, 11, peccet. 14, 19, 170, 8, habere in

105, 23, 141, 16 55551555, cfr. potestate 80. 9, potestatibus et

campensis 170, 23 -5, infin. regibus 73, 26, 74, a 2. 10

sescenties: 155515 (11511) 6, 10, 96, potins 102, 5

18, 109,15, 115, 11, 120,3, 137, potas—ns 18, 17

15, 169, 20, 175, 2, 181, 1, ne· praebere difficultatem 50, 23

13112128113133313 133 161221171111277 1¹²⁰·

ἱ 03 1 3 οἱ 1 ⁰1⁸ 1

10, 155, 7, (115515 89, 19, 93, 22, praeceps: se praecipites dare 83, 10

106, 2, 109, 3, 121, 10, 126, 3, 51555551523,11, 47, 2, 7326, 84,

160, 22, 1511518, 17, 20, 11, 3, 112, 12, 150, 6. 10, 115189,

5155151115 nonp.10,19; 47,18; 2. 9. 14. 16, 91, 19, diuina 41,

- cfr. 4, 20, 10, 10, 22, 1. 2, 8, 63, 6, 89, 6, contemnere 60,

32, 11, 42, 12.16; 57, 16, 69, 7, calcantes 63. 11, 515555115 85,

18. 19, 73, 13, 17, 82, 17. 23, 8, 51115(5551)515555515 130, 22 ,

91, 5. 1319, 103, 7. 22: 114, 7, 191, 1. 2. 3. 8, 51511551591,22,

123, 7. 9. 10. 13, 134,18.19, reclamare 169, 5, dare 169, 7,

145, 10. 11. 12, 1501211120, 55515515 103, 8

161, 18. 19. 25, 175, 814. 18. praecipere 124, 22, 165, 4, quibus

24, 182, 3 - u. potens (mandatis) praeceptum 55187,1,
possessio 34, 2. 3, 82, 3, 1103 dc 150,1, praecepitdicens 130,
possidere 33, 22, 47, 9, 51, 8, 98. 9, aequiora acc'. c. inf. a 26, 3,

3, 126,·19;155,20, incommune 153, 15

152, 19 3 153, 2 praecones 81, 17
post c. 55555. creberrime 8, 17 , 10, praeconium landis 8, 9, diuinum

21, 17, 9. 11, 45,14, 5516, 165, 13

65, 7 515, 7016, 89, 18 , 99, 3 ; praecursor saluatoris 129, 10

122, 241115, 1582311157, 161, praedam ebibere 20, 8

3, 170, 2, 174, 18, 18013, 5551 praedicare legem dei 64, 19

 

