296

1101 ut 6, 17; 56, 3, 141, 18,
1101 10110 0. ind. 42, 20, nisi
forte quia 32, 13, 155, 2, 1101
quod 7, 19, 101 - nisi u. 101,
quis (0116) 1101 41, 8, 43,17,
143, 6, quid est quod -nisi
nt 177, 10, neo- 1101 39,11,
101111 1101 181, 24, cfr. 36, 8,
84, 1, 88, 2; 108, 4; 124, 12

nocere 167, 23

1010 pacis 111001095, 12

10110 0. infin. saepissimeaelut 6,
1, 18, 10, 36, 3, 40, 7, 80, 10.
19. 21, 103, 3. 17; 121, 9, aec. 0.
infin. 4, 21, 155, 16, 159, 21 ,
171,l; absol. 6, 2, 33, 2, 60, 19,
99, 13, 104, 6, 133, 18. 21,
150,7

nomen christianum (= christiani)
90, 14, catholicum 33, 13, per·
00100 01 nomina 9, 4. 8, norum
nomina (= quos) 88, 14 ; 39, 10,
163, 24, Christi saepissime 10,
8, 98, 20, 174, 2. 5. 25, 176,
1, 101 (domini) possim 35,15,
65, 4, 91, 14. 25, 111 nomine
patris et filii et spiritus sanetis 41,
19, 99, 2, 132, 1012. 22, 134,
23, 135, 7, 00010010025, 6, 42,
9, traditorum 30, 16, 1οςἰο 160.
21, fraternitatis 5, 12, 102, 14;
pietatis 94, 23, fidei 126, 6;
mortis 64,11, communionis 178,
19, 11 nominibus (= personis)
trinitatis 46, 2, cfr. 124, 21,
= di ’10100 61, 6, snb nomini·
bus ’001051,12,-0,’1. 11,
1, 54, 23, 69, 1001111, 75,
23, 86, 19, 103, 3. 4, 127, 5,
131,1, 134, 9, 135, 6, 155, 1,

nominare 49, 3, 5914, 76, 5, 92,
9, 116, 12, 174, 2. 3. 6,11010
1. (= 0100110010) 59, 11, = oom-
memorare 46, 8. 15 (oppos. in
silentio remittere 46, 17), absol.

nominatiores 0. 1011111100 6011
temptaretur 68, 2, sepultura 01-
hiberi 00100000 00183, 4, 001-
missi non 011100001010170, 16,
efr. 1110182, 17, 88, 5. 9, 95, 8,
118, 5, 147, 4, 166, 12, 10111

11111101

·100, 3, intellegi 15, 13, 46,19,
116, 12, 126, 25, iuberi 19,16,
legi 69, 3, 131, 16 , 10001 13, 14,
38, 14, 39, 13, 59, 12, probari

16, 6 (q. 0.), uideri 108, 6, 126, ,

26, 144, 21

nominativus 0. interiectione 0. 0

101 = ne 6, 1, 64, 8, 134, 22,
= nihil 153, 14, 1011111043,
52, 22, ε11011052, 19. 22 , 106,
4. 7. 10. 1016. 10, nonenim
12, 19, 39, 3, 43, 9, 74, 3, 94,
19, 106,2,127,19, 137, 9, 149.
4,150,11, 166, 9, 180, 28 sae·
pius; non enirn non 103, 7. 21,
101 - nisi 69, 18, 75, 11, 91,
15, 97, 8, 12811, 143,2, 179,
15. 16, 181, 25, nonsolurn —sed
0110116, 4, 11, 1, 91, 23, 155,
22,11011001111 - sed et 3, 13, 101
solum non - 006 etiarn 49, 12,
170, 1213, 101 tantum - 001
79, 12, 101 magis (minus) qn‘ern
165, 15 (73, 21), non 101101 179.
12, 101 minns ot 20, 9, 101 -
100 98, 19, 121, 6 (u. 100); non
ffl-fflstffl

Nonas Octobr. 26, 14

nondum 80,9

nullia} ῗὲ, 21, 93, 14, 161, 13,

1011611153, 6, 58, 3, 85, 15

1331131 31 ¹1⁹1· 13 ’ 11 a
12, 10000 25, 16, 102, 9, 123, 9,
173, 7, oculis nouit 38, 2, 97,
,1,1001136, 10, 7818, noueris
36, 11, nouerat 116, 4, 130, 6,
132, 1, 181, 16

1010 (= uitium) 25, 15

101010 uindicem 86, 8

notum est 4, 21, 5019, 79, 10,
90, 16, 0111151097, 10

1010011060, 2611110100 63, 11

nouitas 72, 5, 01001010 145, 1

11011046. 4, 98, 12, 145, 1, 164,
3, Daniel 79, 20 ; nouum aliquid
14, 5, nouissimus (i. 01161110)
16, 15; 28, 9. 16

noge 0001 000010610000001109561107

nuesrm 01010 , , ··.
29, perpl60, 28,11511)10 59, 17

nubere 150, 21, 151, 6 510713. 15

 

