uerborum et locutionum.

extralegnles (1. 616616 diuinae 61-
661666) 35, 14 , (66665. eeclesiae
quae in lege est36, 15), 166, 5

extraneos sacramentis 7, 18 (ese
66666.)

extruere parietem 4, 6

exturbata frequentia 53, 7

615561556666 (1666 eriminum) 21,Ι
22, 565166. 69, 14; 115,ss

61614668561166616 (ι’. q. alienati 5 5.)

6165656 maiestas 115, 7 ι

exurere: exustam legem163, 16. 17

Fabriea (15656) 5615616 666 115, 14

febriente 59, 19, 105, 7, 165, 28

15511666615155616 128, 12

156516 5666166166, ordinationem 18,
6, epistulam 19, 4, scisma 17,
12; 24, 21, 177, 22, idola 59,
19, 115, 5. 8. 11, 6516565573,
15, 81, 9, 96, 15, 159, 17, ·-5661
fieinm 69,18, eleemosynas 8,1 3,
1566551179,1,5·15183,14, 110,,8
perpennam faeere nundinas
(ε 5656616) 98, 1, intellegere
15616 (66615666) 1320, exterres
(=exp 611616) 51, 10, inmemor
laetus(= oblitus) 48, 10, 119,
4, 65155156616153,18,161661551
faeere(= 1661516) 120, 3. 4, 126,
5;161156111124,9,15165151111,
3,616616666164,4,5.16,47,18,
48, 16, 52, 24, 54, 13, 73, 27,
76, 12, 82,16, 110, 2. 3, 143,
17 , mulieres 66 castimonialibus
54, 15, ese. 47, 15, 83, 20, 99,
8, 101, 2. 6, 109, 12, 119, 15,
135, 18, ·143, 15, 1536, ex 661
66666 156656 66666565 10813,
cfr. 50, 20, 100, 2, 155, 23,·15
aliquem 24, 10. 21, 66561516,
6, 38, 3, 63, 21, 9713, 15616

566 65666566· 156166 66 59 2, afr.

63,15,83,2, 116,13.14; 178,
14,181,12,565161566116666
(0116.)166,,9 efr 467 54, 21,

165, 28, 178, 3,-- 61116616 83,
21,84,15, 15 inuidiam (15616.
eii.) 84, 12; nestros (= conciliare)
155, 22, = conmittere 85, 6. 21,
31, 2, 160, 6. 7, 5561156159,
Ι20, 665165 155, 0, 511656153, 8,

275

nefarie 148, 3,,4 666 616118, 5,
147, 7, 66666 6132, 3;p 66666687,
5, 5656 (15516) 85 20. 21, 86, 9,
15611155 6666566662 1, ·616. 148,
10,169,3,6,1666116128,20,

15656 6161031,114,8, laetum Ι

666 5683 16, est. 67, 6, 94, 8,

135, 21· fierrneu posse 16920, ..

56 13, 6, 51 fleri 5666166 62,
16,84,2- 6556165156 uos
1661661614, 4· ese. 100, 1, 134,
QM;mMme4‘
15666666 (·55616)615665156616102 7
’156166 61666 5 57, 1, antiqua 94. 6,
656615512014, 15 faeiem 56516116
156‚18;(.efr 56 555 gruem)
facile edu 99. 13· 146, 15,160,11 ’
facinus(= crimen) 42, 5, 125,1,4
147, 1, inmane 53, 19, 148, 1,
inauditum 146, 10, 5615565 54, 18
156616 38, 15, 155, 21
15661665161515518,14,20,11
1566555114, 84,16,1,00 3,165,
111ἷ1ἔ25, 1,74 26· 178,17; 179,
15615156 16665656 53, 4 (6161166656,
166 95)
facultate spirandi prohibite 64, 10
15161556 15516156 65656661 14, 4
1611561556 651616 157, 1
1511616 146, 4, 5161 1161161153, 4
1516516 symbolum 13, 10
16161656 101, 3
151656-5-551 14, 15, 22, 6. 8, 73,
13; 83, 8, 89, 9, 10114, 101, ὃ,

1166, 56, 6, 166, 6. 66, ιιι, ,

5, 180, 19. 20 - 15166 (i. q. enm
iniurie)7,;8 3016, 31, 6, 146,
12, 61666620, 25, 441, 1765
15155 21, 24, 22, 7,100,11.13
1515652414, 63, 14
familias 66661 135, 10· 140, 825
famosa 66166615(86516656651116) 19, 4
famulari 77, 7, 136, 16. 21
1555156515 6151566650, 2
6155515650,20,136,21. 24
166 5156 6166566515 conparare 76, 5
156616156, 19
Fre fastidio 178. 2
5661616655 616 103, 1
156611 122, 2, 136, 25, 6. 666. et inf.
38, 7 ; 181, 19
fatuos iactes 178, 14

18*

 

