286

11111.1.1“1],116,12, 12626,
11111624, 175,6

intendere crimen 146, 16

1111111111 11111111 63, 22

11111111 1111111 tota 104, 20

111116111 noceo dubins 86, 4, erret
inter (= interesset, 11. adnot.)
10, 1, 1161111 11111 ,111111 17, 21,
distantia inter 13, 17, anca. temp.
181, 6; 145, 16, 181, 8, (-- in)
inter 1111111 actua habere 22, 4,
i. 11111 consedit 64, 7, i. 1111111111,
nemore 68, 12, icaligineo 111111
36,11, (= 111111)22, 12, 111,
21,141,6,(-τ,1111111)23,11,
54,18,124,;7 1111 cenet.- d·oten
inter qnae 111 prima 36, 7,
(= 11[11]111111139 4, 43, 2,.
44,18, 127,7,- 1111111111
10, 10, 45, 26, 127, 3, 136, 12,
144, 6; cetera 12, 14· 1111617,
4, 111111111111168,3, 163,
26,,11111111111144, 26, ,111111
1111111181, 16; 16.,4, 2, 6,
6,56,16,78, 1511161111,
164, 13, 109, 23; 123, 4 22,
126, 26, 138,17,139, 11, 144,
, 12, 155, 12, 157, 6, 177, 2

intercludere 161111 6, 10, 1111111111
malitiae nia 173, 14

interdictum 68, 23, 176, 22, 111111-
61111 166, 16, 11111611124, 11

interdum 160,13

interea (= inter 11111) 11, 17 (cfr.
inter cetera 12, 14), 20, 21 , 21,
21, 38, 16, 64, 17

interesse sacrificio 100, 6, cfr. 122,
4,,111611111111111-11 64,12;

¹ inter 9, 23

interim 87, 18

interiori homino 162, 28

interminatus 111 tempestatem 96,
5, interminata tormenta 170, 6

intermortua 6111111111166, 3.

nanneno ...
132, 14, 181, 15, ,111111111-
1111.11111131,24,,1111116111
137,12,61163 782 (111
11168111)16, 16, 7,87 111131
8, absolute 38816, 126, 8,
167,15,173,661“1.6, 181, 22

interrogatio 75, 8

ΙΠ. Index

interroqntio indirecto cinomannos

interuallis distinctos digitos 42,14

interuenire5, 13, 65, 18· 120,14;
146, 14, 1111111111 11 11111111
44215, inuocatio 148, 12, offensio

intexto euerricnlo malitiae 116, 15

11111 24, 16, 76, 16

intrare niam 40, 3, terram 161, 17 ,
pectora 109, 6, tectum 138, 3,
templa 146, 17, 11 111,2, 131, 2,
144,,4161.62,20,95,9,116,
14, intrante 1111 13613 (cfr.
1ψίας γενομένης 1111111. 20, 8)

intrepide 78, 4, 167, 32

111116111111111111611111111131 17

introire portas 71, 9

,1114141111ῗὲ1 tumore io aliqnem

111111161111188, 16

11116111 basilicas 61, 11, 155, 9:
16111111 24,4

1111111111 catholicoe 36, 16
inuenire consilium 83, 12,138,14,
159, 14, 1711111116, 21, 54, 14,
61, 16. 17. 19, 86, 3, 87, 16,
121, 1, 137, 16, 139, 5, 146,
16, 151,12, 11116814, 110,
3,121,1;176,ΡΙ,9--111611111

-16176798661441

15425166,2,Ι68,16,1,11111’1.
Ι9,15,111.1.1’1,1 12, 18, 167,
9,·1,1’. 29, 16, 76,1, 83,,6

114, 3. 16, 119, 20, 127, 8, 150,
18, 161, 9:164, 11, 177, 23

1111111112611 443ndicarob 136, 23

marcam , ,111

1111111111(1111111)137,6

inuidia tra tionis 45, 22, 61111
62661161, 661 16
11111
11161111461,2 cfr. 14, 4, 25,
16, 84, 7. 12, 161, 11, 11614,
168, 7· 175,19,180,3111,11’111

,1111611111111116214

inuiolata 1114, Ι

1111111111 1111111134, 13, 63, 6,
160, 2,156,2,1118120,156,
5;180,15,111111111111113617,
nox inuitantis 136, 18, 16111111
136, 20, 175, 13

11111111 cogor 86, 16 .

inundat aqna 61 fontibus 124, 22

 

