uerborum 9119991199991. 311

19, 9999 agitur 118, 8, 991..
quibus.. qui. .iu quo . . qui 169,
4—7; cfr. 70, 211, 7,2. 3,
72, 2. 3, 113, 14. 15, 151,13,
153, 16, 161, 6. 7. 23, 24, 175,
’10-12, 180, 16-19

quis pro 999. 91 inf. (9. indie.)
passim 997918, 7, 13, 16, 35,
2. 3, 48, 1, 53,14, 61, 6, 89,
19, 92, 5. 7, 109, 8, 118, 11, 119,
14, 125, 4, 132,1, 144, 8, 153,

ess quoquere, 99, 19, 9919 ‘

127, 17 519, 129, 8, 145, 18, 151,
3, 177, 9, 179, 23, 9119991151,
4, 9911 1999119 56, 14, 9911
enim si 93, 13, quid? 91 47,
16, 75, 4, 86,12; 94, 12, 161,
20. 29, 166, 4, = 911134, 17,
47,5.17, 53, 2, 62, 5. 6, 93,
13, 95, 2. 3, 111, 18; 135, 10.
11 119, 143, 13, 155, 8. 14519.
15, quid? 9991 166, 16, = qua

123160,24; 11911 quia (= 611) 1911999 139, 4, 143, 17. 19. -
165, 20, 174, 17. 22, 176, 3 - 999-9919168,13,9ο9-9919
999991. 9199119. 5, 23, 10,1. 7, 181, 3, u. ut 9911

12, 1, 22,10; 32,13; 4413, quisnam: quidnam 148, 19
45,16; 49, 7, 69,16; 63, 22, quisquam 49, 5. 6, quicquam 100,
73, 12, 80, 19. 21, 93, 5. 6, 17, 99199919 nostrum 108, 6; 999
104, 3. 6, 112,15; 120, 22, 123, quemquam 109, 16, 9919999919
7, 130, 16. 22, 140, 23. 24, 150, 165, 3, 19 quemquam Iudaeum
4, 168, 5. 9414, 1199 - 9919 167, 20 ,
7. 11, 8, 17, 77, 2, 89, 8, 96, 9919999 36, 17, 78, 2, 112, 15 -
16,112, 17, 121,15, 130, 21, u. quoque

131, 19, 169, 16; quia - 1199 99199919 - 99199111 91911964,
25, 1, 9. coni. 131, 5, (= deun) 43, 3, 48, 3, 64, 14, 77, 6; 81,
551820, 56,18, 64, 3, 65, 9, 83, 17, 85, 6, 87, 6, 123.
8, 70, 15, 77, 6, 80, 21, 89,11, 18, 147, 7, 159, 20, 160, 3. 4,
101, 7, 10316, 12313, 165, 172, 12, 174, 10, c. 9991. 63, ·
18, 176, 2, 99999199191113, 21, 64, 1, 83, 21, 125, 5, 134,

11, 999 9919 999 991911 74, 21,

22, 150, 5

99 9919 99111611, 1119919 9919 991919 6, 16, 123, 14, 170, 9

99Ξ1Ξ1Ξ1Ξ19613ᾶ9 199, 7; 140, 991,
..9911111191911..
38, 18, 39, 5, 57, 17, 85, 20
usq 98, 16, 116, 14; 131, 5,
161, 10, 178, 5,, quodam 19919
10, 23, 24, 7, 93, 9, 14416,
147,17; 150, 3, asapius 9199991111
991335991351331 1913329, 61,
, 7, 67, 7, 86, 18, 114, 20, 120,
12, 129, 20, 140, 24, quidem ·-
tamen 44,5

quiescere iu uuum 155, 16 , 19 19-
mulo 123, 24

9919191919 animos perturbantes 53, 5
9919 9,14 (u. 911191.) , 99111199 43,
16, Gabriel 98, 10, 99 9911 96,
14; qui 9199119199 98, 10, 9919
11911133108912191 (1²2²- 1131

9991 919ᾶί9. pro 999. 91 1196,

9999191 78, 16; audire 99, 15,
quaestio 118, 9, 999919116221,
9119 10, 9, e. 9991191. uotum 911
4, 21, 9919919199, 17,199199919
16, 18, (indie.) 81, 5, 919911919
21, 24, sententiae 19199 27, 5,
dicere 45, 15, 13413, neminem
fugit 110, 9, senescens. 9. 999119.
44, 19, gloriari 64, 5, 1991911
164, 2, 9911919919 14, 10; ingrati
47, 21, 180, 28, cfr. 161, 12,
9. coni. 16, 3, 20, 25, 44, 7,
49, 18 , 86, 22 , 9911 99199919.
199138, 12. 13, 991(911111)9991
9.9991.140,6511.7119.11,599
,11,-9991191199
9919 991 99191911. 66, 2, 1919
991 9991 1919, 9. euni. 33, 13,
eu- 9991 126, 26, 11199 - 9991

9. euni. 171, 10, 9991 99919919 ,

8, 16, 60, 19, 8 , 9, 126, 10,

 

