330 III. Index

21, 12013, 134, 3, 149, 12111. (plur.) 153, 4, 1111115, 11, pro
14; 151, 6, 163, 12, 170, 11, 116111112113

(11111111). 15 (nefas 111), 111 uteri matrum 52, 21
1014,11162,12,78,8,138,2,1111 uti 10, 12, 64, 7, 77, 2, 139, 5
51, 14, 11111 28, 11, 33, 20, utilitas pacis 171, 19

tantus 63,15,11111111144, 5, utinam 1. coni. imperf. 10, 6, 40,
111111(6111)20,13,83,16, 135, 3, 133, 14, 152, 2, 1111111.
20, 154, 5, futurum 11111013, 43, 23

non uultis 88, 4, utnon = no utique 47, 1, 66, 13, 106, 18, 107,
112, 7. 18, non ut 165, 8, non 4, 112, 6, 133, 29, 134,7; 149,
ut - sed 11 173, 7. 8, pro 111. 7, 172, 7, 177, 3, 1111111156,
11 inf. 1, dicere, promittere 129, 13, 60, 15, 71, 6, 78, 13, 95,

17 - 1111111. (=sicut‚ue1ut 1, 149, 1, 181,15; u. 11122,

nonnumquam =id quod) 6,3. 18, 9. 10

1, s. 9. 15. 16;10‚ 11, 14, 4; 1 quid (1. q. quare) 11, 111, 13, ³

19.19,42,14, 50, 19, 56, 17, 19, 93, ll 111, 105, 24, 120,
61, 9, 62, 2. 16, 66, 4, 67, 2, 16, 113,11: 139, 11, 141,3.17·;
74, 13, 84, 2, 114, 20, 121, 21, 147, 22, 148, 2, 154, 18,(111.
132, 20, 133, 19, 142, 2,143, Rem, Ital. p. 253, 211111. f.
9. 21, 170, 20, 176, 10, 180, 5, 611111. 6111. 1884, p. 403)
om. uerbo 90, ll. 12, 108,12. 111111111111153, 13
14. 15, 161, 9, 11 dixi (diximus) uulnerare scissuram 94, 7
saepissime 6, 2, 10, 2, 21, 16, uulpes 155, 23
40, 15, 68,14; 76, 6, 88, 3. 15, 11111111111111153, 12
94, 3. 12,133,24,141,15,154, uultus 181, 14
17, 160, 17, 173, 9, 11111. 59, uxor 94, 20, 97, 17 , 162, 9, uxores
19,11-1114,1,177,’7,8, 50,5
1111111611 - 11. 16611111, co·⁴
,111,11111,11111(15,4) a 1111111 171,Ι 14

uterque 1111119512, 11111028, zelum: in zelo dei 1111111487, 17
123, 7, uox 164, 15, utrumque zizania 1111116113, 1111111169,
(111111. om.) 153, 7 1111111111 19, 170, 16

 

