uerborum 11 locutionum 319

simul et (= atque) 65, 17 ; 0111 101-11114116, add. 11011.
93,15,110111175,3 person. 7, 15, 32, 12, 34,10,

1110 saepissime 11, 19, 23, 8, 38, 35, 2. 3. 10. 17, 42, 9, 95, 22,
21111,39,1511. 2101. 3, 46, 176, 7 1101111111
16, 62, 21, 87, 9, 91, 10. 18. 101111 (= lant werden) 35, 21,
23, 110, 10, 126, 19, 13418, 165, 13, 11 86, 5, 164, 14
181, 7. 15, dubia 5, 6, 46, 22, 101101 9, 29, mentis 128, 11,
52, 7, 133, 23, 169, 18, 'cansa inexpiabiles 52, 20, 1110 10111
16, 19, 43, 23, 58, 1, 168, 17 152, 17

singularis = unicus 8, 2, 36,18, sordidare (1. q. maculare) uitam
69, 15, 101 119, 23, 129, 7, 121, 29, 15, 011. 12421 (0111111101,
18, 140, 21 21101. s. 111111. (lym. 1884, 404,

1171112158,2 22179'4 17432 ¹11¹& 175, 3131101102 p. 1014311111,
6911, 71, 21. 22, 73, 17, 74, sordidi 85, 14; 143, 16 , 146, 8
17, 78, ’1, 81,14, 82, 1, 107, soror 16, 3, 21, 5, 94, 22
6, 113, 5, 123, 16, 124, 15, 10111 defuncti 141, 13 ·
126, 18. 23, 133, 16,165, 13, spargere 011111 cineribus 152, 1,
166, 1, singuli -quisque 36, 111111 158, 15, 111110 coagulo
17 ; 78, 2 14, 1, mendacium 1111111 sarna

11111111101150, 20, 011110 101,1 22, 7, (= frangere) 161, 4

11111100111111 14, 9, 156, 5, 168,. 111111 1111010 55, 17 , temporum
12, 111100111101195,16, 01111- 1 111111 66, 2, 143, 21 , inclusa
onis 101, 4, 0111011 115, 9, 153, 15(11.11110.111.51111101)
111110110111 136, 1, 110 s. sus· 110011111 (011. generalis) sententie
cipere 173, 21⁴ Ἰι 125,8,11101111132,13,1.111-

1111 c. 0011111101132, 12-141110111) untia. 0

sociare 01101111111011 12, 19, so· 1110111011111. . 111111157, 17.
cisti 144, 4, 147, 11 18, 1111112116, 1101 (duabus)

10011111 25,.8, 140, 3, 147, 2, 177, 126, 15. 25, 137, 5, 11. culicis
1, (10. honoris episcopalis) 78, (= partes) 146‚3
11, 0111111. 34,13, 37, 13, 92, 1101110133, 5, 62, 14
11. 20 sperare aliquid 140, 6

accius 42, 22, 45, 14, 61, 21, 84, 1101 20, 4, 136, 25, 140, 2, 143,1
16, 177, 10, 178, 5. 13, (= 001- spirandi facultas 04, 9
11100111) 37, 12 , 38, 7, 76, 8 spiritalis cibus (= eucharistia) 18,

1010 11111111 136, 13, 10111 0111 17, semina 46, 4, 47, 2, cfr. 46,
35, 18 16, 54, 6, 113. 16, 150, 21,

solemnis consuetudo (ec. sacrificii 151, 2. 5, (oppos. corporalis) 71,
diuini) 100, 10, 11. aduertite 16, spiritaliter renasci 46, 6,

101010 22, 9, 59, 13, 68, 10, 77, 111011111171,9,115010 151, 13
10, 108, 3, 144, 14, solitum 1111111143, 16; 11143, 9, spiritum
011 90, 9, 101111 malitia 21, 4, (= 111111) 11011011 17, 1; 111-
cfr. 73, 19, 100, 16, 108, 5, 101111111111111171,18.22,11-
144, 15 mundus 110, 10. 12 - 11. 1111111 ,

1011111 (1. q. irritum 110010) bap· passim 111111 5, 2, 34, 17. 22,
111111 69, 15 , 01110111) 151, 2. 175, 12, 111011111. 153, 17 , 011.
4Μ mel

101113, 9, 10, 13, 14, 15, 64, 7, 110111 detrahere 1111011141, 7
136, 4. 25 , 104, 23, 171, 7. 9 spoliare 54, 22, 58, 11
1011111, unus 11 s. 156, 16; 1011 11011111 absol. 151, 11 (1111111101,
11110111 157. 9, 101 solum — Ζ1101. f. sistere. (1111. 1884, 4031

111 11 126,11. 12, 101 solnm sponsus spiritalis 151, 2. 5, eccle·

 

