270 111. 11011

011111511101011151,2

011 19,10;p,16 18, 123, 22, 139,
3, 01111111 152, 4

011 1111101111115, 14

0010113813,00110111016,7, 10111

011 00101 (·-10111 dotet 0111)
116, 8, in 001011 011 68. 22 cum
112, 3, 167, 22, 10 001011 175, 26

0111 111, diuulsa membra 159, 6 00111311, 15, 157,·7

diuersitas 1111111111 169, 11

, 1111011115, 9, 49, 20, 86, 2, 93,

0171811199 18· 129, 8. 19; 1089,

001111110111101111121, 15,110101111 .

159, 8, bestiolae 166, 29

00111110101111056, 12, 94 2 168 17·

11111113610,1111111111153,

01110111000111101(01) 68,1,144,1,111167,30,110110111107,12
11, cum deo 77, 15· 18, 4· 00111111011111135, 10, ·1115111136,

membra 1781, 1001111110 18,
23924178211111011111

9,·11111111111136,15,10111111136,
23, (opp. 111111111111) 137,3

9310, 110111101111111193, 19, 0011111110109,12,.0,”116914,

011111 corpora 1110111194, 22
diuinitatis estimatio 65,10
011111111010111154,1,79,1, 170,-

8· 111726 1011111495, lex

91, 3, 152, 17, munus 127, 20,

1111011163,2,87,1,131,19,

111134, 3, 010110110124,1,

sacramentum 142, 2, 1101-

cium 118, 7, 01110011111165,

011111 00111011111111111154 l:
1111111111 0101 dominos habere
00111198 9 (oppos. 111111) 62,
49, 8212 13.15,130,2, 131.
18, 2011110111· 1111111135, 15, 63.
6, 124, 22 133, 18· 1440, 160.
32, deusd. 169,14, 0110111110.
171, 20, 181, 1301111111, (opp.
0011111111 127, 16, 130, 9

13,111111101111118,15,111, 22,00111111111111114,14, 11011.
‘munda 110, 13. 14; 1110111111

111110 23, 12,88,16; sacrificium
100, 17, 01110101141, 8, 03, 11,
89, 6, 001158. 18, religio 59, 15,·
testamentum 94, 1
0111110, 01 diuisione agitur 17, 23
diuisores 00111 24, 15
1111111114 40 24, 177, 22
000111116018, populum 107 3,

inimicitias 107, 15, 0111110111-

111111333,1100110 ei 79
11,83,4,001111111101174,14,
cfr. 95, 5. 6. 7. 13011 20 011·
1111111104,11,11011 10 domum
137,16,110011111ι1010111 173,
3, (εο011111111111111111)94,19,
0111111111111001111126, 12,οΐ1.
39, 2, 166, 25. 26. 31

tiam 81, 6, cfr. 84, 9, 00101. 60, donare 34, 2. 16, (ι’. q. remittere)

166518741912416
160, 7. 15, 166,14011(εο10-

0100111 56, 7, 176, 9, 0111011
56,11,001011111 34, 8

1110,7;(Ξο10111000,9, 160, 30, 177, 001111 145, 3
010111) 16, 10, 31, 3, 00110 0111110 135, 22,
40,16,49, 5,118,7, 149,,120 00111100111111111 17, 36, 6. 20,

0011111111 1110101111108, 0, 100.

0.1’11,111.109,,2 122, 22, 181, 6
000101110001111111160, 11
doctrina 1111011 108, 10, simplex

109, 15,00011·111110011..

doctrinam 70, 10. 16, ·0110. 149, 1

20· cfr. 109, 3, 165, 16

1011111101 memoratis 31, 6,11111-
festissimis 118, 3

42, 10. 18, 43,3.,8 44, 1218.
21,45,11.16, 20. 24, 46,11,
15.17.,,1801’14724, 673,
1266· 101113οΗ8 ·001111155, 8

0011 0111111110.1’11,111.54, 20, 73, 22,

126, 28, 172, 4, 173, 22, 0111
1111101197, 3, 164,1,170, 18,
011111111111232 01114819,
000.0,111[.47,12,101.124,16,

0011110110111114,10, 50,· 11, 61, 0101111111111111186,4, 01111101

12,66,10,09,20,84,11,116,
6,1,72 8, 101 151115, 1720.

martyres 91,12,11.010011 -
dubium 10111111. 100. 11110111.

6, 173, 9, 0011111 19, 1, acc 0. 01011142, 19, ·1100111111733, (=

ins. 147, l;7 150,1

0111110.αο1.0.1’11,1.[01.)152, 18

 

