298

6661111668, 7, 101, 4, 113, 7. 15,
16 97, 2,666. c. 16198, 10, 129, 12

nuntius Ionae 28, 19

161611611116161

,.; ,,666116,

6116111111 661111 140, 11. 24, 141, 8,6

nusquam 166, 10

nutant 1611616128, 4

6611116 scisma 14, 2, 2015, 25,
6, 6161116116 nutritos 169, 18

nutritores (sc. scismatis) 17, 21

nutrix uestra superbia 56, 17

0 nominatim 6166616111 27,19;
84, 12, 57, 4, 58. 12, 59, 23,
140, 16, 146, 10, 158,16.17. 18,
666161 longe 61180, 14, 6 con·
161616.. 74, 19. 20

obicem obponere 81, 16

obicere 49, 2, 85, 6, 160, 18;6661166
6616616 80, 16

6611116661 (tq. eulogiae ab episcopis
inter se missae uel eucharistiae
oblatio (cfr. Hoctcl, ind. prr.)
661 ’16 uin de 11 messe et l'hos'tie’
(366661, 16 Latin 616 61666116 d.
Touo-s 6. 289), 16 oblationibus
{ccipelre 76, 9 (cfr. Uict. Uos. 2,

oblitterata humore 166, 32

obliuione sepultos 10, 28

obliuisci 64, 17, 6611166 48, 15, 53,
14, 177,11

66661111 66116611 84,14 .

obponere praescriptionem 152, 6,
inpedimentum 61161181, 17

obprobrium 152, 18

obscure serpere 108, 11

obsequium 124,12. 13

6616166611616 66661616 68, 9

661616116 66 (= 611616) 145, 15

obsistere olicos‘ 176. 19, 66161. 177,8

obstabat memoria 68, 2, 6116111 88,
21;6675,4; 81,5, 89,15, contra
176, 18, obs. 84, 1

obstruere 61166111 171, 11

16 obtemperando iussionibus 82, 6

obtendere uelamenta 4, 8

occaecato 111611161616166 58, 4

66661616 62, 19. 28, 68, 8. 5

occasus 1611135, 18

66611616 16,5 616, 52, 5, 18, 64, 6.

IIL Index

20, 166, 15. 16, 167, 29. 80,
6666161 66611161, 7, 6161161611
occisum 68, 9, cfr. 4, 10, 28,
17, 65, 2, 82, 21, 86, 22. 23,
87, 6. 14, 88, 1. 5. 16, 89, 4. 7.
8. 21 , 157, 8, 180, 14. 20,181, 10

6666116 serpere 17,17, 6611116 25,6

6666611116 666181, 15

occurrere 6 1661 (1. q. subuenire) 19,
2, cfr. 51, 15, 139, 15, 163, 21

06166111 u. Nonas

oculi 28, 4, 80. 17, 38, 2, 100, 14,
mmmmm
6661666116661182, 8, 101, 5,

6111161611 infundere 107, 15, con·
6616616 155, 18, odio 616616 4,

1, 0 5, 4, 106, 18

6111661456

offendero in 1615310, aliquem
(6111198822, 88, 5, 1481719,Ι
161, 13, 171,1, obsolute 60,12

offensio 164, 21, 172, 7

offerre 11124614, 163, 8, 66161.
11111666· oc
15. 11, 111, oi 14111;’144,2.
9,179,9,166661180, 869,
6666610042,8 3,,616686166161661 85,

6116111666611611 29, 19, 53, 6

officium 6166661 54, 28, 1111111-
tionis 108, 4, 6 11666116 179, 6,
6116111561θοί es) 152,18,661-
1666661801

oleum tangere, contingere 60, 12.
17, 6210, 1616116 60, 15 , 666-
111616 6210, 16661668, 8, 104,
15, lone, 112, 8. 17, defendere
65, 9, 161116 65, 12, conficitur 85,
14, ungere 112, 18, 11661616
118, 18, spiritale 113, 18, cfr.
7, 18, 9, 5. 15, 102, 411,
112, 715, 11311, 117,2,174.
2. 4. 6. 8121361618-2128
bie. 26, 175, 9.14. 1619. 20. 23

6116 156, 28

omnino 86, 23, 666 178, 7

6661661666 deus 84, 18, 142, 7

666166166111161 181, 5

omnis 10, 8, 80, 18, 50 9, 61, 8,
90, 21, omnis diceret 100, 10,
omne quod 9, 23, 132, 21,,116161.

 

