1

266 111. 11611

611111111111161,16,111.28,,8 611111 laudea 11111111 34, 21, qued

32,,13 56,;663,19; 7311
20,·,101 3, 121,3,137,12, 160,
3. 22. 23, 172, 25, 61 1111111111
144,15,6111161’1111120,,4 cfr.
21318,30,,1051,3.10, 58,
8,108,6,111111161 11195,
3;= -:a 11111111 110, 11, eepa-
1111 169,19; (11 spiritu eauete
concep 11110,3, cfr. 110,;9 120,
21 111, aquam 61 eebabere 115,
14;= —:ex de uico 11111111, 61
1161111111132,18, 6111111 11·
mere 179, 46116 cfr, 174, 2. 5)
ramus protentus de radice 37. 18
(aed. cfr. 17, 16), 61 Africa

1111111138,11,111.53,,3 61111Ι

reuerti 40,5,111111 efficere) de
paaeim47, 15, 54, 420, 83,
13 3381012367 109,
12,119,15,143.15,118,13,
150, 10, 152, 7, 1531617114,
9.,11 2121, 24,,18 328, 41,
3431718 455 5121,
58,5,,3010, 33,.110, 9623,
100,13,123 21. 24, ’3132 17,
136,4,148,18,157,6, 17616,
= 1111111120, 25, 21, 6, 22,9,

(1111161136, 1,·1116111Ρ6111111
debebatur (=p 1111116111 ad) 10,
13, accusationes 36, 24, 6111116
ab homiuibuedebebatur 161, 15· 1.
111611...8712.13,5215601120,
77,7.12, 8317, 113 12· 122,
20, 13119, 143,8,158,7, 161,
12,·,17013,130,4.11.1261’1.28,
1631121316 ,11111661
616111 107, 22, cfr. 10, 16, 17,,5
6013,8110,85,,287,,132,3,
100, 13, 127, 2, 138, 3, 153, 12,
159,10,136,4.23,172,1.10,
181, 7· proa‘mp 1111. 15, 12; 90,

5,153,7; 156, 8611, 168, 13,
debitae eibi 116611 95, 20, cfr.
24,3,111,1,6161111ι6111ι1
(ε11111111611)82,10,,11111111111
1181215), 108, 17· 119, 23, 122,

1 6111111111 chirographa 82, 3, debi-

1111104, 9
deceptio 56, 3
deci ere 10,20,14,11, 56416,
56, 16, 155, 5, 157, 3
6161111116115, 1

35,10, 55, 3, 178, 4, =pree 77, 6117111311)111,.,11111611111113,

8 - aeaeae locali: extorree de
eedibue 51,10,61116161111111
· 113, 20, 111533. 16,87, 11,
123, 11, 131, 1·= -111122, 7,
45,’.’2324528 62,10;'}76

⁴ 9979109410879194

10.18 24, 125, 2 611, 136, 14,
1387· 146,,1144,,5·149, 15,
150, 1, 170, 20, 11111611611111111·
tore 11111 19, 4, 61 11111111
1111111113, de deo 1111111111
111 59, 15 -aeria de eccaaiene
(- data ecc.,)5 20, gustare, 11·
cipere 99, 15.16; 100, 11, 61 11
(= per uel er ee) esea 174, 26,
61 111 611 1111 01111111 126,
1-11. agere, blandiri, contristari,
depellere, detinere, 6111116111, (Γι-
1111,111’111,1ο111,11111111111,
116111111111, loqui, 11111, p'rae-
euenere, recedere, 11111111, aepa-

dealbatum parietem 4, 6· 94,14;
arua 89, 22, a 95, 22, 99, 7

20, 162 30 1611116411 Oaip bae
176,,3 06111113, 18, ·119‚.6p 11,
124, 16, 11111114, 16, Hieremiae
116, 17, 162, 2,111611119. 13,
10, 312, 139, 13,111 e189 3,
154,1,160, 21· 165. 2, pater
1111611135, 16· 140, 8. 25·
6111111111 165,23,0111111
34,11, Meyei 169, 33, 178,
193Pharaaniy19, 13, 8111162,
12,· ·11111161147, 11,.1111116111-
116139, 25, ·91, 3, 12,5 21 bia,-
1111111152, 63211703, 110,
7· Eeechrelem4,11; 66,19; 134,
7. 16(11161111)111,11’,111 Hiere-
miam169, 13,111,111134,15,
16711 (1111111155, 23, ·,53 15, ·211111
41,11,111111111161,13,·94,13,Η1-
1118013,Η11111111114,16,136,
4, 111611610,15.17,,1133611111
163,18,160,19,162,24,1,632,
180, 13, Salaniana 64, 16, 80, 19,
114, 4, Samuele 112 3 interiori
162, 28, 1111111 62, 16,,1111111Ι 77,

 

