328 111. Index

4191, 45, 19, 73, 7, 79, -90, 1111111 ecclesiae 45, 94, 46,19,
80, 19, 81, 91, 101, 3, 113, 90, piscis 69, 5, sacramentorum 103,
179, 3 99, 1111111111 145, 1
uiles animas proicientes 83, 9 1111 99, 1, 99, 815, 69, 14, 190,
uincere 1111111 63, 6, in rcelio 6: uirtutum uita 191, 19
161, 93, (i. 1. coarguere, 11110111) uitalibus cibis pasti 14, 19
198, 7 1111116, 11; 109,1
uincula germanitatis rumpi 164, 13 uitia ll, 1, uitio partes effectae 48,9
uindicare aliquem (= 111111111- uitiosa 111111111190, 16, docmina
11111)63,10,85, 99, 160, 33, 108,10
paee. 23, 10. 17, 86, 11, 89, 17. 11111 19, 14, 45,3, 11111 135, 9 ,
93, 91, 99, 179, 9, absol. 88, uituli caput 89,3
3111. 4 511171, 1, 1111111111 uiuere 24, 19, 61, 6, 64,10.14,
88, 15, 161, 19, 164, 94, 180, 65, 1, 149, 91, 169, 39, iuste
11 - eibi aliquid (=‚appetere 165, 17, gentiliter 74,11; male
ascribere quocum curiatae) 25,2; uiuentes 85, 15, 141, 17, 155,
39, 13, 37, 15, 49, 10, 90, 43, 19, 156, 93, 157, 1. 9. 8, 1111
9, 46, 10. 13, 47, 1, 56, 3,· 64, 166, 8
3, 76, 7, 190, 10, 197, 17, 199, 11111 1111191, 9, 115, 4, homici-
9; 134, 9, 135, 11. 11, 136, 10. dium 58,14; aquae 116, 3, aui·
15. 93, 155,10; 170, 9, 176, 8, mae 122, 9, cfr. 194, 1, 137,17;
11136, 15, 1111111111111111111 141, 16, 155, 11, 157, 3 (eed '
(1111111111111111 relati) 18, 90 cfr. 1111111), 168, 9
uindicem deum 52, 94, 154, 4, 111591, 33, 19, 66, 3, 71, 15
(1111111111154, 9, 111 uindicem ullus 51, 3, 70, 15, 119, 3, 167,
111111 86, 8 ¹ 21; nec 1. 150, 10, 111 1111113
uindicta 11111195, 1, 1111111188, ultionem aquae 68, 93
9, 11 uindictam 86, 93, 91, 19 , 1111411119. 14, 165, 4. 94,
(111,1111111111) 96,4, cfr. 161, (= eigenmachtig) redit 28, 16
97, 169, 99, 170, 94 umbilicus 44, 17. 18
11111 135, 9, pastinare 135, 91 umquam 195, 19
uinum calcatur 85, 13, dare143,13 unciam concedere 34, 9
1111111 53, 21; 118, 9, 151, 11 11111160, 11 , 65, 10
uiolentiam 111168, 4, 'per 131, 90 undae 69, 814, 167, 9,. 3, tradere
uirga 68, 13 undis 167, 5
uirginitas 74, 8, 149, 16, 150, 7. unde 17, 18, 4313, 47,19,63,
12, 20 14; 97, 90, 100,1, 139,17,149,
uirgo Maria 3, 5, 114, 15, cfr. 9, 163, 99, 111 -111111163,19,
98, 11, plau. 47, 3, 65, 17 , 71, 1111111111 1111111143, 1, (=ita·
10; dei 149, 12; 150, 1 ble.15; que, igitur) 30,9; 36,15; 39, 7,
151, 13 1 49, 15, 55, 91, 81, 7, 83, 3,
1111 11111111 53, 8 104, 9, 114, 7, 161, 17, 169, 91,
uirtus 11, 14, 11 idolis 115, 11, 163, 19;173,13; 178, 9, 11111
filii dei 137, 14; cfr. 115, 13; 82, 15,, 179, 8, = de (ex) quo
121,19; uirtutem snam mittere 3, 73 44, 19, 54, 19, 111, 5,
138,3,11111111111111111138,11, “ 113, 18, 190, 9, 111, 11111134,
cfr. 92, 10. 19, 98, 19, 137, 19, unde estquod 39, 183 56,
19;147,15,177,6 9, 147, 9, 11155, 10, 11111.
uis: uim facere . . prohibere 83, 83, 6, 165, 98, 175, 91, 99
14. 15, 110, 8, cfr. 60, 7, 131, ungere 60, 4. 11, 6919, 10911,
3, 166, 90, 111111 uim 149, 4, 119, 610. 14. 18 511, 113, 5.
magnis uiribus 160, 5, amiserant 619, 175, 17. 96, absol. 113, 16
uires 82, 4 unica cathedra 36, 20 , sponsa 43,

 

