314

reportare aream 161, 26
repraesentsrealiqas'd 140, 6, 170, 7,
repraesentatis 6666561650, 10

repressit manum 63, 7
repudiare aliquid 9, 14, 39, 91,
74, 16, 80, 5. 19, 104, 16, 106,
4, 16 repudiandis muneribus 79,
18; aspernatur et 6. 111, 17
666666167τὲ 1ἓ166171ξ1οὲ90, repugnan-
Β a 3 1
requiratur 66166166 (661) 194, 9
666 publica 74, 3. 4; 6161666134,
3, 66616616611666 78, 6, singulae
9, 17, 95, 9, 666666 19, 18, 15,
7, 177, 3, 66116 49, 90, 6616611-
166 94, 5, 6616616116 149, 16,
appas. 6666666 Ιῗὲὲ 9Ξ 131, 24
5mmm ,-m
saepe 6666661666 pro neutr. 666.
enatare-²111).
164, 9, 16166 666 = 1616 68,10,
16666666 (=hoe) 69,19, 1666 666
(= 16666) 191, 91 , cfr. 25, 18; eam
66666146, 7, 666 66616616 661 (=
ordinatum 661) 96, 16, 6666 666
626166666666617517ξ, 3similfes ξὲ,
,666 arras , ;rr.
1s; 166, 8; 174, 6. 7, rem 23
aliquid 151 10; 175, 93, 666
666 (= suum) 65, 13; res agenda
cum 164, 4, 1666 666 probat
mfflwffiffimm
qnam rem 661 6666 3,19, harum
rerum (= 16166) arbusculas 47,
3, 666 66 1661661114, 90, cfr.
16, 15, 91, 7, 50, 6, 73, 613,
80, 8, 99,18, 109, 91. 93, 116,
18. 19; 199, 10. 93, 133, 15 , 141,
5, 144, 8,150,17, 169, 21, 179,
19 passim
rescribere 611666· 73, 94
resdcrffitffrl gi. 741. imperatorin man-
9 s
reseruata eausam 666 17, 5 (u.
seruare); 66666161661616 95, n,
66 66 gratiam 55, 14, gehennae
ignibus 19, 16
66616666 (opp. abire) 94, 90, 6666611
66 remansit 101, 4, 156, 5
resignare (conscientiam) 168, 21
6666661 (-- 61611) sermo 61166 6, 19
respicere 666666 89, 13

11116666

185ἓ5116466 36166466 6, 5, 7, 1, quid

68, 6, 66 5, 90, 159, 3, 616
9119, absol. 8, 91, 666166166 80.
23aae.e.e'ns.137,153150,l

666ἕέ666664 6, 15, 99, 14. 90,

666161 6116665517, 6139, 11; 36,
11; 38, 7, 44, 91; 174, 96, 179,
{ff 6. infin. 57,14, 137, 8; 153.

restitutae basilisse fuerant 16, 11;
11566166666111616 19, 19

resurgere 3, 6, 140, 94

6666666116 140, 6. 93 616, 1431

resuscitare 66661166 141,15,6666-
16661093, 166, 18

661666666 inpietas 49, 16

66116666 (i. q. remorari) 40, 8,
mstfflmffika

109, 16, aliquid 126, 24; 170,
91 , 176, 93, 177,15,

retractae 16 habitu 152, 3, retractis
6166161594

retractare 134, 10

retributionis 6166 136, 14

66166 temporis (= 66166) 91, 11

66166611 domus tempestatem 95, 14Ι

666ὲ66161166666161666 30, 14, stultitia

reuera 1593

6666666175, 13, 199, 5

reuerti 98, 1, 50, 99, 54, 13,
66 61640, 5, 6640, 11; 199.
1, 141, 16, 66666 66 (= 1661616
ῗ61666) 40, 4; reuersi 666198.
4, reuerterunt 84, 9, absol. 40, 7

66616166666 138, 4

66666666 6116616 40, 5, 16 faeiem
94, 6, ese. 103,19; 146, bain
1191111 11 11121 1111
24; reuocatus 161, 5

reuoluite 66166 6661666 107, 9ι

reus9 ⁸}pfff2m 8(ξᾶ tiunniln} 36663166)

2 , ·1>⁰ ⁸ 2 1⁶·
pene. 17, 13,54,9, 166688, 6,16
111616 164, 6, 66 6666616 170,
11; 666661666666655, 1, absol.
9, 9, 91, 8, 93, 16, 30, 18; 57,
5, 69, 7, 64, 8, 84, 16, 87,
10, 109, 9, 103, 3, 131, 15, 144.
91, 167, 4, 180, 99, 1816- 7. 94

Ι

 

