312 111. Index

nisi quod 7, 1. 19; quantomagis rationabilis i. e. ecclesia (1.5. rationi
quod om. 55155 74, 11. 12, 5155111511 consonansOaaaabl.l.)
= ut 5511155. 184, 11, c. eoaa'. 38,14
139, 1ῧὶ = 11⁸⁸ ‘1⁸⁸ 5611131139, 155151 - us (1. q. crimen) 49, 10,
1: pro infin. 144, 10 515 159, 14
quodsi 5. ind. 145, 7, 180, 9. 22, rebaptizare 4, 8; 27, 6; 45, 14,
5. coni. 122, 12, 153, 8, 170, 18, 47, 20, 106, 12, 110, 17, 111,
171, 18 21, 126, 2, 129, 14, 130, 13,
555155658022, 91, 16, 97, 1, 104, 133, 4, 140, 22, 175, 25 ·
9, 106, 21, 128, 19, 18217118, rebaptizatio 157, 8; 175, 20 (cfr.
149. 20, 162, 30, 174, 10. 22. Brisaei, Zerabf. deterr. Gyma.
2515551115, (= 11551) 169, 19, 1884, 401)
115- quomodo 174, 16, 15551- rebelles 14, 5, 47, 8, 177, 8
damini ,51511 recedere a 5, 1, 12, 21, 41, 20,
quoniam 6, 10, 17, 12, 82, 2, 57, 171, 17, 178, 7. 9, 65 30,11;
13, 89, 6, 107, 4, 111, 22, 114, 88, 11, aba. 159, 9, 172, 25
8, 121, 9, 158, 7, 159, 6, 160,1 155551515 15515515 49, 19
qnoque 54, 3, 85, 14,107,9 15115515 164, 1, 170, 18, 15 5515-
quot - 151 95, 12, quotquot 141, 9 munionem 168, 9,15 5511515169,
quotiens..uoluerit 125, 10, qno· 16, aba. 168, 12

tienscnmqne 5. corsi. 150, 16 155151555 151181, 7
15511515 testamentum 105, 24, 107,

Rabidos 49, 15, 51, 8, 86, 20, 1,11516515511555132, 18,152,
155, 24 ’ 14, 1511515148, 8, 51555515551
15515 accensi 55551541 euangelia recitata 154, 9, cfr.
15651560, 9, 142, 6, 143, 7. 10, 162, 8, 16319, 16613, 167,
145, 5. 13. 17. 20, 152, 12,11- 31, 170, 22, 171, 22
dendo seruare 144, 22 , aba. 144, 20 1551515515 praecepta 168, 5
1561115155 161, 2, 555151155 14, 4, recognosce dominnm 62, 4
cfr. 17. 11,.11, 18; 93, 10, 15 reconciliatnsmundus13,13
156155 (-- 15 unitate aiae com· recordamini quomodo 84, 17, ingi-
munione) manere 18, 3 (cfr. in tiuos87, 16
555 manere 18, 9), 81, 10, 51551 15515 11,18; 100, 11, 123, 13 ; 132,
1556515 (15115) radicibus 45, 6, 8. 9, 139515, 144,21, 160, 29
156, 18. 20, 65 156155 recessimus rectorem elisum 57, 20
88, 10, coalescentes 186, 5 recurrere 56 87, 19 --
15515145, 8. 5. 6, 15511 157, 2, 15551515 124, 11; aliquid 11, 20,
65 555 radice uenientes 98, 10, 57, 5
{21013101101111120’aes· 11115153351111
1 3 ³035 1 1 1 1 3 1 2⁰ 1 1
naturales 15615, 511511117,15, 168, 22, originem (= indicare)
87, 17 87, 14,1511511515 161, 28, olims·
rapacibus undis 167, 2 aliquem 50, 5, (= erfdllen) 163,
”1010 24, 17, 110. 7, 152, 8 10, (= tradere) 18, 8, (= 6515)
raptores 151, 8. 11, 152, 5. 7 accusatorem 181, 24 ·
raro 76, 15 1565155151 98, 1. 2. 9
11110 25. 10, 143, 8, 1151115111 86, redimite animas 87, 11. 20, 98, 1.
19; 114, 2, baptismatis 46, 9, 14, 15651511 Christus 88, 4. 6.
sacramenti 8. 19, 61511- 169, 2, 13, 1561511 98, 8, 1565515151 98,6
151515 49, 20, ostendere 70, 8, 15611556 15, 8, 28, 17 , 4319,
168, 11, 1566515 (65) 41, 2, 161, 182, 16, 187, 16, in memoriam
28,1115100,2,55115 5115 6, 17;555 50, 1, obsolute 19,14, 51, 16,
r. 15115158316, ratiout112,10 78, 19. 20, 187, 18, 168, 29

 

