uerborum 55 15555155515. 251

alicubi dispensari 74, 19 1. 2, 107, 11. 12, 160, 1. 2. aad.
alienus (= diuersus) 43, 4, 147, 21, 55 178, 19. 20, om. 5515555156, 12,
in regionibus 5115515 (-- 15 5151- 5115 1555 - 51115143, 9, 51150 55
115) 50, 17, 0555 23,18, (= 51155 51555 555101, 7, 51150 51515550
551 51555) 15 5115555 31, 6, 5615, 14, 6, nihil 51150 5151 59, 21,
109, 1915515155, 13, peecata 5510 555 5115011151 41,7
176, 9,(515155. 555) 170 2. 5. 515515 21, 11. 18 655, 44, 17,
11, 515. 48, 8; 15555 88, 7, 52,4.18,56,11,14354524,
honores 60, 23, potest 55 56,2 6. 5155515100, 6, 143, 1. 10. 20,
19, 11055137, 13, rem 65, 14,144,]2,13,148,6,152,12,
guttur 167, 6, frondes 156, 22· frangere 59, 9, 142, 5· 145,17.
555555 62,10· 5155 22, 2; 513, 20, 1155155565 5155515111 143, 15,
14, 14, 21, 27, 7, ·47, 23, 178, 12, 51555(- 51555) 98 12, 5115 515 51551
179,8,180,,2 1505 511551 94 11 43, 23, 515. 13, 16, 69,(117, 166,
51155515 181, 24 25, (= proximus) 62, 7, 64, 8,
aliquando = antea 38, 8 (515. 38, 102, 9, 168, 14, 51555- 5115153,
951155),73,22,79,21,141,1, 11.1,2 119, 11. 12. 19, 130, 22, ’
142,6 157, 6. 7 666. 55119, 13,130,
5115515 (--551555515 551 51155) 44, 13. 14, ·5555- -51551 15, 10, 42,
8 515. 10 ; 76, 3,129,14,179,16,12,172,18,·51555-51555- 51155
181, 13. 17, 1822555ρὶ55, 555 ’·51555167, 5. 6, 55555555 13,
(55)51155.12,8, 391011, 61, 10· 66, 3, alter Donatus 81,
16, 66, 1, 152, 16, (515. 555 15,83,11- 515.17,19,18,5.
511555 (55. 115) 55 5115150155 70, 6;22,20, 24, 8615, 44, 1, 62,
14, 555 51. ’- 5551555515 167, 17, 95, 7015, 96, 9. 10; 11915,
20) 73, 9, 97, 8, 127, 7, 167, 126, 19, 20615 215ον, 17210,
23 - 51 5115515 42, 4, 52, 25, 51551551 montium 83, 9, 51555 5501
99,4,151, 16, 51. 515143 23, cibus 156, 13,,115511 scrobem
162, '12; 51150 92, 21, 5515 23, 145, 14, 515155515151555555(ο15.
21,24,21,555555115555543 4, plue 5555) 77, 5
idolum 555 aliquid 116,1 (515 515555 pacem 9,1 26· 95, 4· 147,
aliquid dicere 57, 15; 137, 8) 11 18,
5115510 nouum 14, 5- 511 555115506564,4, 101, 3, 153, 19,
55515156, 7· 79,1,2 109, 9, 154, 2
140, 9, 5115515556, 9, 99, 17, amarus. 05 amaro. 55555515 101,
109, 22 2. 3. 6. 7· 555115551501511551555
511555 55515 57, 20· 94,1(5115555 64,,25151515 5115155555 (05155 )68,
,,113 31515. Reme, 25551551. 22,70,4,172,·5, 173, 9
6eterr. (r'ymn. 1884, 403) ambitores 20, 919
. 51155 5511551735 55115 5115555555 ambitus scisma nutriuit 20, 15
· 6,,17 5115151505 792 5115544, 555111οε5551555,7,12, 74,22,515.
13, 51155 551 51155 157,10, 75,,4 162, 6, ambae 126, 24,
(ε51551) 50, 19, 75, 24615, 90, 16414
12, 120,16,17,32 (- 5555513 ambulare (=1re, oppos. 55515) 40,
11, 11, 5, 33, 33¹ 57, 18, 134, 22, 6, 147, 4. 13 ·
(= diuersus) 15, 5, 1551, 555, ( amice (substant.) 141, 1 ¹
6, 1555551155 127, 3, 136, 13, 1551151515 161, 11
144, 7, 51155-51155149, 14· 5511555555 51555 chirographa 82,4
quater 91, 2. 3, ter 127, 13, 555515555555155171, 18· 15 515515
156, 22. 23· 157, 1. 2, 51165 - 5115515579, 1214
551-151151551515, 5115- 5515115551 5515555111 105, 14
5115 89, 18, 100, 2· 51150- 15 amplexus properare 187, 18
51150 6,19, 10,·1, 52, 13, 96, amplificare tractatus 139, ’1

 

