uerborum et locutionum.

secundum praepos. 3, 5, 69, 10,
147, 12, 161, 6, 164, 6, 180,
10 - secundum quod 1661666
12, 3, cfr. 113, 6, 129, 17

securibus ueritatis 158, 7

securitate 6666 160, 1

securus, 62, 20; 140, 21, 6611, 18,
,55, 3, 16 possessionibus 82, 3

666 saepissime ia sententiae ceordic
uelut 4, 18, 9, 7.17; 25, 8, 37,
16, 49,13; 87, 8, 146,12; 180,
21, nemo 130, 5, 66 quis 96,
14; 140, 14, 161, 8, 164, 11,
666 66 138, 18, 159, 13, sed
66 (= s. 661661) 16, 5, 29, 12,
666 661616- 666 66 3, 14, 666..
quidem 5, 20; 6666669619.
21, 108, 6, 126, 17, 666 666166
155, 19, 666 666 86, 24; = 66
rosbacium 88, 1, cfr. 4, 6, 6,
10. 14. 18, 12, 3, 11. 16. 21,
56, 2, 10. 16; 66, 1.2.16, 140,
24 616, saepissime,

6666661661182, 14, cathedram 12,
22, 17, 11, 18, 3. 4, 36, 9. 20;
16 66616616 19, 15, 36, 14, 38,
1, s 39, 23, 40, 14, s 41, 6,
(cfr. ubi (ibi) 36, 9, 38, 1. 7, 9.
10, 39, 10), = assidere 17, 6,
7, absol. (iudex) 17, 22, 29,
8, 170, 4, 1661666666) 20, 5,
107, 3, cfr. 5, 14, 107, 19. 21

sedes 21, 9, 51,10, 53, 8, 143, 6,
175, 12 - o. expellere

6661616666616 28, 8

seducere 24, 3. 6, 4015, 56, 5,
94, 20. 21, 97, 9, 99, 7, 109,
16; 155, 6. 22 , 175, 25

seductio 6 4, 16, 51, 9, 58, 5,
97, 9, 99, 11, 108, 11, 144, 11

seductor 155, 25

66666114, 13, 666166616 46, 4,
6166166 47, 2, 169, 10, spiritalia

317

666696 1113, 222ό 66616166 (66. plebis)

, , , , 66661 seniorem
167, 28

sensus 14, 1; 46, 21, 166116 66661-
bus 14, 9, circumuenti 58, 15,
666666 1661616 deprauauit 101,11

sententia = indicium 163, 26, 180,
26, 181, 25, dicero 12, 18, 167,
21, 181, 24, proferre 17, 23,
666 s. ferire 15, 6, cfr. 13, 16;
27, 9. 10. 16; 28, 9. 12, 29, 1.
2. 21, 55, 6, 125, 7, 159, 11,
11. 6616, ferre, iacere, percutere,
pronuntiare

sentire 6, 4, 666616 54, 7, (= pati)
bellum 90, 7, sein confinio mor-
tis 123, 20, c. 666. 66 inf. 45, 8

seprgrlare2tempoffl 85' 17,Ι 666161ἐέ6

, ,66 , ,6611666 ,

17, semina170, 16, ab 35, 11,
42, 9. 12. 16; 101, 6, 10411,
11012, 126412, 66 169, 19,
173, 13, 16661 168, 4, absol.

666616 159, c; roe, 6

66661166 obliuione 10, 23, peccate
171, 10; cfr. 3, 6; 24, 20, 83, 1,
141, 15, 155, 10

septentrionis prouinciae 47, 6

septiformis ecclesia 147, 15 (cfr.
1662116616Ζ6661. s. 666. 66111. 1884,

6666161616 63, 15. 16

sepulturam 16666616666616616 83, 8
(6. las. uerb.),· exhibere 83, 4;
inpedire sepulturae 155, 15

see 6 r rr
126, 20, 147, 10, 156, 8, 162,
22 , 178, 1, = succedere 50, 19,
6616 96, 22, cfr. 105, 1, sequitur
dicens 35, 4, 72, 18, 77,1, 16
quo legitur . . 66 sequitur 75,

47, 3,66616666114,11,666.169, 1 21, absolutorem 85, 4, 88,

11 bis. 13.15; 170, 2. 16
seminare 6666666 169, 9, seminata
est causa 73, 6
seminator 163, 6
semiperfecti sumus 55, 19
8861θέ60166 ⁷1⁷1 166 166116
11, ree, 16; 16616166 61 ’
senatus 1666616 78, 23

2, 94, 21, 96, 20, 10510, 113,

14, 119, 22, 126, 9, 131, 6 ’
wie ο611611111οῒ166δί19· roe ,1.
’0616 ie. 11, (4611661) 1166
666611. 661
serpere: 6166166 16 666 17, 17,

morbis serpentibus 08, 12, 661666

(661616)61666666661109, 1, 10913

 

