324 ΙΙΙ. Index

1818188181118818188 179, 19

18188818 29, 14, 58, 13, 170, 6

terminus 33,19. 24, 34, 5. 8, torqueri de 50, 12

131, 20

torques 80,1

18118 24, 14 17, 34, 3. 20, 79,9, 18188 114, 10
136,1’.0, 145’,13’01’8,148,’17, 181888888811, 9, 20, 24, 33, 11;

153,18,154,18, (epiros. 08818)

160, 26, 161, 17, 169, 14,177,
16·- p'zur. 34,1, 44, 8,123,
1017, terrarum 81518(888)888
pissime 8887881 34, 16, 36, 5, 69,
13, 147, 11, 176, 21

42,..,,,3676010 93,4,,106
10, 141, 12, 153, 19· 163, 21,
17317, 18019, 8118118188
17, 9, ’181 81180188 147, 14,
8881-18195, 13

1811688 sententiis 29, 2

terrenus pater 123,19,18118118 totiens 96, 15, 107, 24

18111000 ’07888 150, 11, 11118118 82,
5, 18111188 166, 27, 167, 6

terror 68, 13, 82, 8, plur. 63, 22,

108, 5

testamentum (i. 8. libri sacri) 68,
9, diuinum 94, 1; recitare 106,
1, 107, 1, adsumere peros106,
21, seruare 107, 1, 1881888818
seruire 106,1, cfr. 12312 16.
24, 1241. 27, 149, 19, 150,

8010751081,18188818 50

6.21; 70,2,71, 19, 116,8, 121, 3

testificari 56, 18

testimoninm 1613, 43,’19, 79, 8,

diuinum 8, 15, 111, 22, fidei 18·
stimonia 138, 8

188118 73, 14, a. adhibere, inducere

thesauros ferebant 83, 12

18188 passim 0871818, 19,· 15, 14,

20,2,22 503 663 135 12
16, 145‚’4; 177, 21, 01118 (181-
mmm) saepissime 18, 4, 2812,
34, 3, 35, 17, 36, 1. 5, 69, 13,
86,13; 147, 11 (toto orbi); 18-
188 888818 126, 0, in totum
inlaesa 166, 23,181881188 quare
72, 21 - 1811 = omnes 38, 14,
42, 10, 167, 30 (cfr. 17688871,
luce. s. 681881. 688188. 1884.
403 011878 p. 338, Arelas.
781. 18817888. ΠΙ, 470, VH, 480,
1171.- 1148837107)

tractare absol -618881818, scribere

(cfr. 11881888 17,8, 20, 119,
3.17,139, 11,’88187, 10 8
24, 9, 18’, 146, 7, 105, ’11,

(= 8108618818, 8881108811 1n 88-
818818)179, 12

timerec 888. 19, 0, 60, 8, 63, 8. tractator(= concionator) 174, 10
10, 74, 12, 107, 10, 112, 8.1,6 tractatus episcopalis (8’ 8. episc

88887514, 104,16,105,15,

absol. 68, 14, 88 123, 20, 8818

100, 3. 5 8

timidi 161. 27

1118816815, 1, 8881. 41,9
tinctio 125,18

tingere (εο118111818) 10,11, 129,
11.16;in nomine Ohnsti 98 20,
8818588188181813811,

8118118118) 179, 14.18; (=li-

581188)6,13.1’8,7,,17 107,8.

11 Ι,3 118, 11, 119, 3. ’11, 139,
1, 140, 1, 173, 25

tradere 15, 22; 160, 16. 28, 161,

25.26,163,1213.14,166,12
16, 107, 11, 171, 4,. 5· elisaei
(8708810) 20,’6, 162, 2,16,75.

13, 170, 6, 00807. 16, 17. 20, 21,

118818 8811818( fucata) 134, 15 19, 15919, 162011, 166, 24,

1118(88888.81188888)38,21

167,1422’,1685

8118188818. 1811188), scismatis 1888181810, 17, 12· 21, 22, 22,

22, 21, testamenii 124, 7 bis,-

15, 57, 11; 159, 10.1,2 162,’ 26,

libri 161, 7, in 1188111818 68118ἰ 17714, tr. 81 scisma 22, 17
8818 144 18, ·cfr.,;1646 172, 9 886110188881888818178.10, ·21, 1.

1811818 (=a'uferrc) 62, 13, 111, 5,

16 30154849257118,

8818881887, 21, 68 6081 'tu 120, 2, 1,58 2,163,16 23 088. 30,
1, in 81188 151, 17· 85801814 173, 22 23, tr 81 scismaticus
praescriptio 102, ’7, 181 163, 17 7, 16, 31, 4. 5

 

