300 111. Index

156. 17, 15, 32, 4, 118,3; 127,
3, ace. c. inf. 5622, 73, 8, 86,
9,111,23,119,23,137,19;5515.
1511111111111· 11
14515, 1151, 111, ’1, 1111
5515511

5515 155, 23

555551551515511 5151155 peccatum

29 ; (= Eltem) 50, 5, 91,1, 94,
21; 110, 9

55151520, 15, 43,17; absol. 98, 12
551515 uoluntati dei 87, 20
551155 94, 14; 9619. 21. 23 ,51115515

4, 6, 155515 95, 6. 7, 155515 58,
1, 511. 95, 10. 12, 13. 16. 20, 96,
5, 153, 14; 154, 5. 18, 19

551115165 24, 10

86, 7, tacitus loquitur 12324, parricidium 23, 15, 181, 22 , 15-

5555 51 515115 5115155115 145,1

Ρ551115121, 11, 103, 16, 155, 24,
177, 17. 21, 178, 3. 11. 14

paene 82, 3, 51, 5

555511551 15 6151144, 7, 5611511555
13, 14,5555115515561,18, 109,12

55551155115 aequalis 66, 6, 151155515
5312, 1551555 24, 13, 5511151155
66, 14; agere 55, 6, 149, 12; 515-
6151160, 13, gerere 60, 17,6155515
156, 11, 55551515 5555115565157,
9, 65 p. 21, 7, 61, 16, 15 55551-
155115 1155515 129, 11, 130, 4, 15
55551155115155156515 132, 8, mori
139, 21; u. 5156515, gerere, in·
615515, tingere

paganus (pagana) 98, 1718. 19. 21 ;
99,1. 35, 123, 8, 135, 18, 55-
55515015, 146, 9, adiret. 180, 6

5155515 91, 1

51115 3, 3, 7,7, 16, 15, 24, 11;29,

20, 333, 34, 13 44, 19, 47, 14,
92, 24, 93, 17; 120, 2, 1401,
177, 18. 19. 20, nouissimis 551-
11555 (= Anhang) 28,16; 55551,
93,11;94,4; 144, 22, (= Ρ51151)
Donati pars 28, 8, 78,8,12, 14.
22, 79, 3, cfr. 38, 12; 49, 13,
78, 3. 5, 123, 7 51151151, 6555
551155 48,10. 12; 551155 (Ρ51-
15115555) 28, 18, 515615 55111551
28, 9, cfr. 17, 21, 25, 13, 104,
5, 139, 11 - 5511515 ponere 5515
(= communicare) 5, 17,1155515
37,16; 135, 12, 15 55115 5551155
42, 8, 51 parte 93, 19, 14311,
51 aliqua ,11155551 55115 110,·6
(1018), 3155555115 - 15 511515

palatium 19,8,(τ1515515151)25, 15 paniapiomm 115111 creberrimus 1)

551155 extorquere (lauare) 1533. 5.9

5515111115 55551555 45, 3, 5515111551
medullis 136, 5

panem 55116155515104, 8

55555593, 9. 12. 13, 150,11. 19

551 prioribus persona 126, 25, 5511
1151551155 126, 17,11’1. 42, 16,
93, 14. 22, 154, 3. 4, 166, 9,
11. 56551515

paradisus 46, 22, 47, 4

551515 60, 21, 175, 13, 55155 56
5561556551 60, 20, 55151515 551
165, 23, 51115111 36, 1, 57, 5

paraturis 51155 6156511555 1555-

155555, 51551155115,.516511551115 ’

107, 3, crebriter 51155155 cfr. 107,
5. 6, 555 quia .. 556 655511 113,
11 - 11. quidem - 556
5515515 31, 5, 61, 11, 144,1.12
55155155 (i. q. 51515155) passim 1151111
23, 2; 90, 18; 40, 6. 16, 94, 10,
153, 8, 160. 1. 13. 17. 21. 22. 28.

555155515151555.(151151555551555
1511555511 103, 18; 551555 55511-
5515 135, 21, 51655 (aspicio) 89,
17; 90, 11, 556115 (legere) (11-
555155051151515 (5555151551) 555-
rim 11515140, 12, 60, 1, 148, 20,
15515151615555 121, 4, 551555 -
551555 104, 12, 133, 21. 22, 173,
24, 11. 555555, 51555555, 5156515,
14015ἰ · 51 e11458’6332114'9101 02,
126, 7. 17115. 20. 21. 24, 136, 13.
21. 22, 140, 2. 11. 12, 155, 10.
12515,162,8. 11. 29, 174, 7. 9
bis. 18. 22, 181, 12 511. 17, add.
15151131, 65111 - 1111. 551. 5515

55515155 militer 84, 2, cfr. 24, 5.
12, 119, 6, 123, 22 015, 124, 3,
125, 15, 146,9;156, 19, 165, 16,
174, 1. 7. 11. 14. 17. 22, 175,
, 6. 1511. 18 - perfect. 18. 10,
24, 4, 46,11. 12, 12518, 139,

 

