218 1,111611

3111111156, 5.

11 3 ,,,,,,,, 41, 151

71,8 ........ 3316184,

75, 3 ........ 41, 13
81, 6 ........ 103, 8
84, 9 ........ 41,13
86,1,3, .,71 8.13
95,1-1,,15’,1.5
104, 15. 66, 3· 64, 30

65, 8, 11, ·,106 14

11111.3,,37

11,,11,1511 1,..11,

,,61 3 13111111319, 110, 30,141, 19

18 3 ,,,,,,,, 67 9
,4019,164 8

18,30 ,,,,,,,, 40,19
38,,,3 ,75,,,,1776177,1

38 3, 7916 80,13
38 8 ........ 79, 9
,8018 81, 5
4,34 ........ 80 33
5,17 ........ 80 1

1331, 537, ·87,;3 106, 8 1011113 ........ 3319

1833 ,,,,,,,, 63164
140 5 1,134,11,114,1 ng

71, 13
74 31

147,1. 3,
Ρῐοιι, 33, 3..
114014114144110‚1 . . . ,173, 36

01111, 1111138. . , . . 74, 6
4,13 ,,,,,,,, 13 4

6,8.. ,,,,,11311343379
48,.11 13, 5314, ·,11119

1,’1 ........ 44'131

81,.1,13,.,64 17
3,16 ,,,,,,,, 114, 5
4, 3 ........ 114, 5

31111111151113 33, ,75 3
3315 ,,,,,,,, 80, 19

3111 1. 3 ..116 9
1, 16 ,,,,,,, *191, 38
l, 13 , , , 138, 187191, 38
3, 3 ,,,,,,,, 70, 18
4, 4 ........ 138, 4
33111, ,,,,,,73,7
33, 3.,.90,3,5, 91,11
33, 4,... 4, 4,68,33

69, 30, 70, 4
33, 111,... . . ,,73 33
33, 1. 75, 30, 31
3314 ,,,,,,, *191, 33

, 6317. ,,,,,,, 41, 11

66, 3. , , ,10311,113, 1
. 66, 5 ,,,,,,,, 5, 3
Η1111111,3,13, 114,18,115, 5
116,3,17

31. 3 ....... *193 6
31, 39 ,,,,,,,, 67, 9
31, 33 ........ 163, 5
36, 37 .38..163, 13,165, 3-ἴ1
1611111139 .,,,..97,4
1310 , . ., 4,6, 94,16
95,3.4,33, 97, 4

1313 . , , , . . .96,7.11
1318,,,4,11,61,13,66,11

1111111111, 1, 59
11115111Π, 1.
1111111316 , . , ,,

111314. .1,46 14;1·48,9
c.h 310, 1.,03, 6
..,167 16
,,167, 38
,11315
317 ........ 113, 30
5, 9. 87, 4,103, 17
5,13,177,161(,178, 3
331853386ηὸ 87,13
5,34. ,143 3
6, 9.13. . 56,13,104, 7
6,11 ,,,,,,,, 104, 7
6,13 ........ 16318
7, l ,,,,,,,, 16315
7. 6 ........ 54, 9
7,17 .18, , , . . *314 30
8, 5 ........ 13333
8,13 ,,,,,,,, 138, 5
9, 30-33 , , , , 138, 9-33
10, 33 ,,,,,,,, 79, 4
10,33,,,.,,171,3,23
11, 13 , . , 130, 19,131, 31
13,31,33 , . . . , ,13514
13, 33 ,,,,,,,, 176, 3
13, 87 ,,,,,,, *190, 11
13, 43-45 , . , , 111, 7-14
133411, ,, ,170,,111,
1339 169,19,170, 16
15, 14 ........ 11,’ 1
16,15,16, ,173,19
16, 17 ,,,,,,,, 173, 31
16,18,19, . , , . , 3315
33, 13 ,,,,,,,, 141,1-4
33, 14 ,,,,,,,, 140,10
33, 9 ,,,,,,,, 103. 9
3315 , . , ,43,19, 44, 3
35, 34 ,,,,,,,, 13318
36, 81 ,,,,, ’, , ,173, 34
3334 ........ 173, 1
36, 51 ........ 89, 20
37, 35 , ,⁴ ...... 16418

 

9011 ’

