276

fauces (19119) 9991911 24, 14, 999-
11119920, 7,911119 141, 8

199919 1999919 53. 6

19119111Τ96199 69, 3

1911999 999911991 (= praedicant, 'ne-
991119991) 69, 11

felicitas 65. 14, 166, 3

11119091

6; dei saepissime uelut 13. 12;
33, 16 , 103,11. 12. 17: dei filius
55, 19, om. dei 33, 22, (u. in

' nomine 991119 9. q. 8.) 1111 dei,

fllii 1199119919 60, 21, 99919 40.
17, 51, 9, 109, 15, 1111 Israhel
23, 22, 161, 24, traditorum 163,

19191991991199918. 14: 20, 12, 1. ² 99118, 23, gehennae 43, 17,
sara 69, 4; cfr. 138, 9, 11919, 1 finos 9 filias 9919919, 198, 8,

166, 23
fenestra 64, 4
19119 99119 26, 14
1911919 99999191 137, 14

³ inpii 14, 3, 46, 2, :liberi 94,
1 11, 118, 15

⁴ 1999991919191916,7, qnod 101, 9
11919 198, 1

191119ε99911191986,6619,999199119 1 19119 9999919 136, 13

16, 6, oleum 65, 12, manus 143,
22, absol. gladio 64. 13

191199 ante 991199 15. 13

19191 155, 26

ferramentum 116, 10

19119 sententiam 27, 6, 66, 6, 62, 7,
70,15, 102, 9, arma 106, 2, 99991
1 = extulit) 71, 3, (= 9919119) 68,
6, 69, 4, 162, 3, 160, 28, 166,
25 , 167, 1, :adferre 83, 12,
9999199 99. serebatur 99991 aquarn

ι . 163, 17, 19199191 dixisse 100, 3,

:sustinere 18, 17 , 20, 10
11911111964, 6. 8, stringere 63. 1
199119919 e. ins. 67, 6, 32, 10
1991191199 temporalis 161, 17
fideles 119199 110, 18, 134. 11,

fidelis 97, 12, cfr. 10. 11, 61,

11. 17, 109. 12, 195.13; 134, 7,

140. 6, 155. 23,156,10, 19911-

1991199 -
fides: inplendum 11191916, 16, fidei

9991999919121, 17, 919199919 99,

4, 1199199138, 18 , ι99119919138,

7, 199119 138, 16, 9991919 156,
10, cfr. 25, 10, 46, 2514, 69,
13, 76,10,99,10; 108, 12, 114,
11. 12, 121, 16. 22, 126, 20, 126,
3. 4619. 7. 20. 23, 137, 8. 12. 19.
22, 138, 6. 8. 25; 140, 6,’143, 1

1111991964, 12, 161, 10

19919 terminos (919) 33, 24, 131,

213 genua 1511991919) 66, 6, ,

, limes 11119 131, 5

figuram 199919 (= 99919919 aliquid)
114, 7, infigura 119, 17

119 9191119 999999ςὶ1 94, 6

illis 128, 6, 137, 11. 13, 138, 24

1119921, 5, 38, 21, 50, 4, 52, 6.

firmati 999199111919 101, 2

flebello inuidiae 84. 7, 88, 15

19 'tere (1.9.199911919129,11, 999
di (= 991919 99999) 11,13, (=p0-
9191919) 81, 20

flegitium 21, 22; 22. 14

1991919 89, 4, 167, 13

flectere et inclinare ceruices 66, 9

flere: dolet et flet deus 69, 20,
19911 1726, 173, 9, fleret 172, 6

fluetibus mergite 9999 122,Ι 19

fluentibus uenis 115, 7

1991199 Tigride 69, 3, (lendan.) 139,
19, flumina Syriae 139, 16, undis
1191919991 167, 2

fluuius 167, 10

fodere 116, 9, 136. 3, 146, 14

foedum 19919191 112, 17

19919199 undae 69, 8

fontem (69 1199191191 mouere 43, 2,
911. 44, 12, 9919914416, 11999
99991999 91991946, 4, signatus
12, 5. 7; 48, 1, morbidi 120, 15,
91111122, 17, 17, 31117, 116,
7,126,14,161, 1;9119119919 21,
21, 199119119 73, 20 , causarum 81.
8, 199199 111991 nominum 124, 22,

fords “3130 14, 9, 19, 4, 18, 1. 8.
11, 21, 13, 95,6; 110,19,1911-
19191406

191199999911. 14 (91911698911218911.
f: 091911. (1911119. 1884, 403)

19119 9999 7. 11, 43. 4, 88, 8. 9,
96, 9, asinitate 39. 6, de 19119
123, 8, 160, 7 (cfr. Aeeleinf. 191.
19111991. V, 343, 11998911, 219971.

, f· 681911. ’691119 1884. 403)

191199 unitatis 170, 1921, dare

 

