uerborum 11 locutionum.

2, religio 86, 17, fides 126, 4,
nomen 127, 5, 1 bolum 176, 22

unio bsptismatis ,5,119,7

unitos saepissime uolut 13, 21, 23,
2, 3616, 49, 8, 50, 10, 52, 25,
163, 21. 26, 170, 14. 19. 21.
23. 24, u. operarii, fecere, am·
pecti

uniuersi 3, 14; 9, 20, 22, 11, 33,
15, 35,19, 48,6.7, 84,10,96.
3, 137, 3, 159, 5, 167, 18

unus 1111, 86, 2, 107, 5, 127,
12, 169,1251“1,1113,3, 32, 6.
8, 62,14, unius7,15; 11, 21, 42.
8,89,16,159,7,11161,11,11111
5,21,15,10,24,2,42. 15,63, 16,
76,4,94,2,103,8,122,21,147,
2, 156, 12, 160, 26, 175, 9, unam
9, 2, 12,1. 2. 4, 5314, uno
22, 7, 42,13;69,10, 89, 5, 93,
22, 10312, 126, 1, 169, 9 , 174,
25, 111157, 17, 70, 8, unus -
11111 42, 12, 95, 11, 120, 9.
10. 11, 153, 9.11,172,18, una
111ο11156,16, 11 uno osse‹l70.
25; inuno solo 47, 21

uffiwffiffipssppp
82, 10; 94, 19, 98, 16, 100, 9,
104, 7, 107, 16,110,16; 121, 21,
122, 23, 128, 10,· 152, 8, 160,
31,162,29, 1659 ¹

uocabulum 134, 9, 161, 7

uocare = appellere 47,,14, 54, 19,
66, 7, 77, 14. 16, 98, 19. 21,
99, 2. 3, 147, 18. 20. 21, 156,
10, 175, 10, 177, 17, cfr. quid
uocatis 56,14, 11 iudicium 160,
14 , 111111 est 11111 34, 20 (cfr.
1111115. 9, 13), uocati (opp. electi)
83, 18, 140, 10

uociferoniium repleto ciuitas 68, 7

uociiore 69, 9

111111111111 122, 19, 157, 3

uolatu simplici 156, 14

uolumen actorum 28, 15, 29, 16,
30, 13 (plur.)

uoluntas passim 33,15, 41, 8, 63,
21, 149, 11. 13, 151,1. 9. 19,
167, 10, (1118518, 94, 11. 12,
147, 10, 159, 7, 163, 28,180,
5. 6. 8 - oppos. necessitas 149,
16, 159, 18, 160, 520, 167, 33,

XXVI.

329

(ε111111) 111 ((11) uoluntate ’

179, 1 (160, 3. 23, 179, 4)

uomere 11111114, 14, (11 pectore
conuicium 43, 17

uoto 142, 7; 144, 12; pro u. suo
51, 1, cum u. nostr actum 68,
20, dissimilia 49, , 11111111
concipere 50, 20, hebere 50, 2

uox1=odictum)51‚ 3. 4, i. q. uer·
bum 8, 4, 48, 15, 77, 2. 3, 87,
18, 100, 2, 112, 4. 6, 13217.
18, 140, 25, 157, 5. 7, melodi·
coe 5, 19, unus (11111111 uoces
86, 2, chriso· 48, 12, 112,10.
14, 124, 17, 136, 17, (111601,
85, 22. 23, 86, 4, 88, 17. 18,
89, 5, 148,Ι 20, cfr. 164, 14. 23,
odoi. dicentis 113, 20:130.18;
prophetoe(·erum 4, 19; 127, 21

urbica (i. 1111111111) commoratio
38, 18, u. Zephyrinus iod. II.
(oso. Uict. Uit 13, 1 ed. Petsch.)

urbis Romae 26,15; in urbe 29, 5,
in urbe Rome 38, 12

urgentibus coepiscopis 52, 6

ursus90, 12

usque 1(1 11, 3, 35, 18, 164, 2, in
17, 16. 17; 78, 5, 82, 22

usurpare potestatem 170, 8, nomen
25, 6, claues sibi 39, 18, 111111-
1111115511

usus: in usus suos 146, 8

11 c. coci. a) 6111. passim 6, 8.
17;19, 7. 20,22, 1.6.21;29,
7 (scripsi1); 33, 2. 3. 7, 46, 4.
5, 58, 1. 4, 59, 18. 21, 63, 9.
12, 72, 4, 83, 2 (coactus 111).
15. 20, 96, 20. 21, 100, 3. 6,
104, 4 14,· 119, 12. 15, 136, 4. 7,

1ffimmmimmffl;

173, 14. 17, 180, 21, 181, 6,
ut 111 dixerim 93, 7, concedite
47, 4; ui - sed 1112610. 12,
ui — neo -11111151,10. 11,
5) explic. 43, 16, 53, 20, 86, 7,
89, 18, 105, 2, 178, 6. 13, 181,
4, praecedit ille 140, 20, 161,
16, 17816, 1) consec. saepissime
5, 11, 6, 120111111111111. 21 ,
12, 6, 14, 2, 28,11 (11111), 33, 1.
20 (11111), 40, 10, 57, 17. 18, 67,
6, 76, 12. 14: 82, 8, 98. 7, 100,
10, 112, 17 (foedum 1111), 116,

22

 

